              0               0               0               0               0               0               0               0               0               0               0 
              0          0.0081          0.0144          0.0189          0.0216          0.0225          0.0216          0.0189          0.0144          0.0081               0 
              0          0.0144          0.0256          0.0336          0.0384            0.04          0.0384          0.0336          0.0256          0.0144               0 
              0          0.0189          0.0336          0.0441          0.0504          0.0525          0.0504          0.0441          0.0336          0.0189               0 
              0          0.0216          0.0384          0.0504          0.0576            0.06          0.0576          0.0504          0.0384          0.0216               0 
              0          0.0225            0.04          0.0525            0.06          0.0625            0.06          0.0525            0.04          0.0225               0 
              0          0.0216          0.0384          0.0504          0.0576            0.06          0.0576          0.0504          0.0384          0.0216               0 
              0          0.0189          0.0336          0.0441          0.0504          0.0525          0.0504          0.0441          0.0336          0.0189               0 
              0          0.0144          0.0256          0.0336          0.0384            0.04          0.0384          0.0336          0.0256          0.0144               0 
              0          0.0081          0.0144          0.0189          0.0216          0.0225          0.0216          0.0189          0.0144          0.0081               0 
              0               0               0               0               0               0               0               0               0               0               0 
